
0 0.532139961 0.946026558 0.500000000 0.500000000 0.000000000 0.000000000 1.000000000 0.000000000 0.000000000 -0.000000000 0.000000000 1.000000000 0.000000000 0.000000000 0.000000000 0.000000000 1.000000000 0.000000000
0 0.532139961 0.946026558 0.500000000 0.500000000 0.000000000 0.000000000 1.000000000 0.000000000 0.000000000 -0.030612245 0.000000000 1.000000000 0.000000000 0.000000000 0.000000000 0.000000000 1.000000000 0.000000000
0 0.532139961 0.946026558 0.500000000 0.500000000 0.000000000 0.000000000 1.000000000 0.000000000 0.000000000 -0.061224490 0.000000000 1.000000000 0.000000000 0.000000000 0.000000000 0.000000000 1.000000000 0.000000000
0 0.532139961 0.946026558 0.500000000 0.500000000 0.000000000 0.000000000 1.000000000 0.000000000 0.000000000 -0.091836735 0.000000000 1.000000000 0.000000000 0.000000000 0.000000000 0.000000000 1.000000000 0.000000000
0 0.532139961 0.946026558 0.500000000 0.500000000 0.000000000 0.000000000 1.000000000 0.000000000 0.000000000 -0.122448980 0.000000000 1.000000000 0.000000000 0.000000000 0.000000000 0.000000000 1.000000000 0.000000000
0 0.532139961 0.946026558 0.500000000 0.500000000 0.000000000 0.000000000 1.000000000 0.000000000 0.000000000 -0.153061224 0.000000000 1.000000000 0.000000000 0.000000000 0.000000000 0.000000000 1.000000000 0.000000000
0 0.532139961 0.946026558 0.500000000 0.500000000 0.000000000 0.000000000 1.000000000 0.000000000 0.000000000 -0.183673469 0.000000000 1.000000000 0.000000000 0.000000000 0.000000000 0.000000000 1.000000000 0.000000000
0 0.532139961 0.946026558 0.500000000 0.500000000 0.000000000 0.000000000 1.000000000 0.000000000 0.000000000 -0.214285714 0.000000000 1.000000000 0.000000000 0.000000000 0.000000000 0.000000000 1.000000000 0.000000000
0 0.532139961 0.946026558 0.500000000 0.500000000 0.000000000 0.000000000 1.000000000 0.000000000 0.000000000 -0.244897959 0.000000000 1.000000000 0.000000000 0.000000000 0.000000000 0.000000000 1.000000000 0.000000000
0 0.532139961 0.946026558 0.500000000 0.500000000 0.000000000 0.000000000 1.000000000 0.000000000 0.000000000 -0.275510204 0.000000000 1.000000000 0.000000000 0.000000000 0.000000000 0.000000000 1.000000000 0.000000000
0 0.532139961 0.946026558 0.500000000 0.500000000 0.000000000 0.000000000 1.000000000 0.000000000 0.000000000 -0.306122449 0.000000000 1.000000000 0.000000000 0.000000000 0.000000000 0.000000000 1.000000000 0.000000000
0 0.532139961 0.946026558 0.500000000 0.500000000 0.000000000 0.000000000 1.000000000 0.000000000 0.000000000 -0.336734694 0.000000000 1.000000000 0.000000000 0.000000000 0.000000000 0.000000000 1.000000000 0.000000000
0 0.532139961 0.946026558 0.500000000 0.500000000 0.000000000 0.000000000 1.000000000 0.000000000 0.000000000 -0.367346939 0.000000000 1.000000000 0.000000000 0.000000000 0.000000000 0.000000000 1.000000000 0.000000000
0 0.532139961 0.946026558 0.500000000 0.500000000 0.000000000 0.000000000 1.000000000 0.000000000 0.000000000 -0.397959184 0.000000000 1.000000000 0.000000000 0.000000000 0.000000000 0.000000000 1.000000000 0.000000000
0 0.532139961 0.946026558 0.500000000 0.500000000 0.000000000 0.000000000 1.000000000 0.000000000 0.000000000 -0.428571429 0.000000000 1.000000000 0.000000000 0.000000000 0.000000000 0.000000000 1.000000000 0.000000000
0 0.532139961 0.946026558 0.500000000 0.500000000 0.000000000 0.000000000 1.000000000 0.000000000 0.000000000 -0.459183673 0.000000000 1.000000000 0.000000000 0.000000000 0.000000000 0.000000000 1.000000000 0.000000000
0 0.532139961 0.946026558 0.500000000 0.500000000 0.000000000 0.000000000 1.000000000 0.000000000 0.000000000 -0.489795918 0.000000000 1.000000000 0.000000000 0.000000000 0.000000000 0.000000000 1.000000000 0.000000000
0 0.532139961 0.946026558 0.500000000 0.500000000 0.000000000 0.000000000 1.000000000 0.000000000 0.000000000 -0.520408163 0.000000000 1.000000000 0.000000000 0.000000000 0.000000000 0.000000000 1.000000000 0.000000000
0 0.532139961 0.946026558 0.500000000 0.500000000 0.000000000 0.000000000 1.000000000 0.000000000 0.000000000 -0.551020408 0.000000000 1.000000000 0.000000000 0.000000000 0.000000000 0.000000000 1.000000000 0.000000000
0 0.532139961 0.946026558 0.500000000 0.500000000 0.000000000 0.000000000 1.000000000 0.000000000 0.000000000 -0.581632653 0.000000000 1.000000000 0.000000000 0.000000000 0.000000000 0.000000000 1.000000000 0.000000000
0 0.532139961 0.946026558 0.500000000 0.500000000 0.000000000 0.000000000 1.000000000 0.000000000 0.000000000 -0.612244898 0.000000000 1.000000000 0.000000000 0.000000000 0.000000000 0.000000000 1.000000000 0.000000000
0 0.532139961 0.946026558 0.500000000 0.500000000 0.000000000 0.000000000 1.000000000 0.000000000 0.000000000 -0.642857143 0.000000000 1.000000000 0.000000000 0.000000000 0.000000000 0.000000000 1.000000000 0.000000000
0 0.532139961 0.946026558 0.500000000 0.500000000 0.000000000 0.000000000 1.000000000 0.000000000 0.000000000 -0.673469388 0.000000000 1.000000000 0.000000000 0.000000000 0.000000000 0.000000000 1.000000000 0.000000000
0 0.532139961 0.946026558 0.500000000 0.500000000 0.000000000 0.000000000 1.000000000 0.000000000 0.000000000 -0.704081633 0.000000000 1.000000000 0.000000000 0.000000000 0.000000000 0.000000000 1.000000000 0.000000000
0 0.532139961 0.946026558 0.500000000 0.500000000 0.000000000 0.000000000 1.000000000 0.000000000 0.000000000 -0.734693878 0.000000000 1.000000000 0.000000000 0.000000000 0.000000000 0.000000000 1.000000000 0.000000000
0 0.532139961 0.946026558 0.500000000 0.500000000 0.000000000 0.000000000 1.000000000 0.000000000 0.000000000 -0.765306122 0.000000000 1.000000000 0.000000000 0.000000000 0.000000000 0.000000000 1.000000000 0.000000000
0 0.532139961 0.946026558 0.500000000 0.500000000 0.000000000 0.000000000 1.000000000 0.000000000 0.000000000 -0.795918367 0.000000000 1.000000000 0.000000000 0.000000000 0.000000000 0.000000000 1.000000000 0.000000000
0 0.532139961 0.946026558 0.500000000 0.500000000 0.000000000 0.000000000 1.000000000 0.000000000 0.000000000 -0.826530612 0.000000000 1.000000000 0.000000000 0.000000000 0.000000000 0.000000000 1.000000000 0.000000000
0 0.532139961 0.946026558 0.500000000 0.500000000 0.000000000 0.000000000 1.000000000 0.000000000 0.000000000 -0.857142857 0.000000000 1.000000000 0.000000000 0.000000000 0.000000000 0.000000000 1.000000000 0.000000000
0 0.532139961 0.946026558 0.500000000 0.500000000 0.000000000 0.000000000 1.000000000 0.000000000 0.000000000 -0.887755102 0.000000000 1.000000000 0.000000000 0.000000000 0.000000000 0.000000000 1.000000000 0.000000000
0 0.532139961 0.946026558 0.500000000 0.500000000 0.000000000 0.000000000 1.000000000 0.000000000 0.000000000 -0.918367347 0.000000000 1.000000000 0.000000000 0.000000000 0.000000000 0.000000000 1.000000000 0.000000000
0 0.532139961 0.946026558 0.500000000 0.500000000 0.000000000 0.000000000 1.000000000 0.000000000 0.000000000 -0.948979592 0.000000000 1.000000000 0.000000000 0.000000000 0.000000000 0.000000000 1.000000000 0.000000000
0 0.532139961 0.946026558 0.500000000 0.500000000 0.000000000 0.000000000 1.000000000 0.000000000 0.000000000 -0.979591837 0.000000000 1.000000000 0.000000000 0.000000000 0.000000000 0.000000000 1.000000000 0.000000000
0 0.532139961 0.946026558 0.500000000 0.500000000 0.000000000 0.000000000 1.000000000 0.000000000 0.000000000 -1.010204082 0.000000000 1.000000000 0.000000000 0.000000000 0.000000000 0.000000000 1.000000000 0.000000000
0 0.532139961 0.946026558 0.500000000 0.500000000 0.000000000 0.000000000 1.000000000 0.000000000 0.000000000 -1.040816327 0.000000000 1.000000000 0.000000000 0.000000000 0.000000000 0.000000000 1.000000000 0.000000000
0 0.532139961 0.946026558 0.500000000 0.500000000 0.000000000 0.000000000 1.000000000 0.000000000 0.000000000 -1.071428571 0.000000000 1.000000000 0.000000000 0.000000000 0.000000000 0.000000000 1.000000000 0.000000000
0 0.532139961 0.946026558 0.500000000 0.500000000 0.000000000 0.000000000 1.000000000 0.000000000 0.000000000 -1.102040816 0.000000000 1.000000000 0.000000000 0.000000000 0.000000000 0.000000000 1.000000000 0.000000000
0 0.532139961 0.946026558 0.500000000 0.500000000 0.000000000 0.000000000 1.000000000 0.000000000 0.000000000 -1.132653061 0.000000000 1.000000000 0.000000000 0.000000000 0.000000000 0.000000000 1.000000000 0.000000000
0 0.532139961 0.946026558 0.500000000 0.500000000 0.000000000 0.000000000 1.000000000 0.000000000 0.000000000 -1.163265306 0.000000000 1.000000000 0.000000000 0.000000000 0.000000000 0.000000000 1.000000000 0.000000000
0 0.532139961 0.946026558 0.500000000 0.500000000 0.000000000 0.000000000 1.000000000 0.000000000 0.000000000 -1.193877551 0.000000000 1.000000000 0.000000000 0.000000000 0.000000000 0.000000000 1.000000000 0.000000000
0 0.532139961 0.946026558 0.500000000 0.500000000 0.000000000 0.000000000 1.000000000 0.000000000 0.000000000 -1.224489796 0.000000000 1.000000000 0.000000000 0.000000000 0.000000000 0.000000000 1.000000000 0.000000000
0 0.532139961 0.946026558 0.500000000 0.500000000 0.000000000 0.000000000 1.000000000 0.000000000 0.000000000 -1.255102041 0.000000000 1.000000000 0.000000000 0.000000000 0.000000000 0.000000000 1.000000000 0.000000000
0 0.532139961 0.946026558 0.500000000 0.500000000 0.000000000 0.000000000 1.000000000 0.000000000 0.000000000 -1.285714286 0.000000000 1.000000000 0.000000000 0.000000000 0.000000000 0.000000000 1.000000000 0.000000000
0 0.532139961 0.946026558 0.500000000 0.500000000 0.000000000 0.000000000 1.000000000 0.000000000 0.000000000 -1.316326531 0.000000000 1.000000000 0.000000000 0.000000000 0.000000000 0.000000000 1.000000000 0.000000000
0 0.532139961 0.946026558 0.500000000 0.500000000 0.000000000 0.000000000 1.000000000 0.000000000 0.000000000 -1.346938776 0.000000000 1.000000000 0.000000000 0.000000000 0.000000000 0.000000000 1.000000000 0.000000000
0 0.532139961 0.946026558 0.500000000 0.500000000 0.000000000 0.000000000 1.000000000 0.000000000 0.000000000 -1.377551020 0.000000000 1.000000000 0.000000000 0.000000000 0.000000000 0.000000000 1.000000000 0.000000000
0 0.532139961 0.946026558 0.500000000 0.500000000 0.000000000 0.000000000 1.000000000 0.000000000 0.000000000 -1.408163265 0.000000000 1.000000000 0.000000000 0.000000000 0.000000000 0.000000000 1.000000000 0.000000000
0 0.532139961 0.946026558 0.500000000 0.500000000 0.000000000 0.000000000 1.000000000 0.000000000 0.000000000 -1.438775510 0.000000000 1.000000000 0.000000000 0.000000000 0.000000000 0.000000000 1.000000000 0.000000000
0 0.532139961 0.946026558 0.500000000 0.500000000 0.000000000 0.000000000 1.000000000 0.000000000 0.000000000 -1.469387755 0.000000000 1.000000000 0.000000000 0.000000000 0.000000000 0.000000000 1.000000000 0.000000000
